Time getsections_dl with RTLD_LAZY
68650
499
582
421
451
455
428
428
444
404
455
614
436
422
415
409
462
440
439
451
460
459
441
424
454
442
451
542
668
458
486
578
443
478
448
464
424
626
432
424
419
415
415
435
418
415
419
441
424
422
Average: 1822
Time getsyms_dl with RTLD_LAZY
22457
605
447
428
627
434
401
407
394
421
407
432
425
427
413
403
408
387
521
419
405
447
407
393
411
405
392
401
393
371
371
412
390
412
404
400
417
412
410
417
404
407
404
415
406
437
427
417
434
486
Average: 863
Time getsyms_dl with RTLD_NOW
2103
471
610
489
458
440
440
447
467
427
415
476
442
423
410
438
426
407
416
420
401
436
406
423
406
423
406
408
428
422
409
405
438
425
400
424
414
424
429
462
419
416
425
394
429
421
421
411
405
420
Average: 463
Time getsections_dl with RTLD_NOW
1450
455
426
394
414
410
390
417
409
412
435
414
406
420
397
392
409
403
458
450
459
416
420
440
419
398
406
413
428
401
405
393
418
390
413
397
399
412
401
402
414
392
429
383
460
383
377
417
446
917
Average: 444
